Start_push	End_push	Pushes_duration	X	Y	Z	161Dy(Dy161Di)	162Dy(Dy162Di)	163Dy(Dy163Di)	164Dy(Dy164Di)
1570	1953	384	0	0	0	85.974	326.399	22988.512	518.524
1955	2338	384	1	0	1	47.968	199.114	14980.525	322.065
2341	2724	384	2	0	2	74.168	227.546	16077.835	385.138
2726	3109	384	3	0	3	98.34	239.231	20599.123	484.322
3111	3494	384	4	0	4	45.534	171.611	14378.948	353.81
3497	3880	384	5	0	5	52.639	152.686	12509.896	287.968
3882	4265	384	6	0	6	47.841	154.725	12874.781	276.302
4267	4650	384	7	0	7	23.297	119.428	8999.87	193.516
4653	5036	384	8	0	8	36.26	115.271	9419.905	184.424
5038	5421	384	9	0	9	17.763	68.185	5929.102	111.432
5423	5806	384	10	0	10	13.796	82.054	4722.092	104.86
5808	6191	384	11	0	11	5.983	47.648	4363.097	76.462
6194	6577	384	12	0	12	20.195	58.885	6557.47	147.231
6579	6962	384	13	0	13	21.801	68.347	6622.988	141.753
6964	7347	384	14	0	14	23.409	60.705	5223.134	134.283
7350	7733	384	15	0	15	25.846	63.415	5420.848	119.262
7735	8118	384	16	0	16	15.13	58.185	4980.359	87.176
8120	8503	384	17	0	17	13.04	76.124	4756.622	106.635
8506	8889	384	18	0	18	12.155	48.896	4416.532	85.638
8891	9274	384	19	0	19	15.666	40.034	3729.069	63.351
9276	9659	384	20	0	20	18.232	45.371	3923.06	78.777
9662	10045	384	21	0	21	19.521	50.303	3887.288	85.402
10047	10430	384	22	0	22	11.364	41.273	3554.442	71.748
10432	10815	384	23	0	23	25.36	59.4	4765.885	88.23
10817	11200	384	24	0	24	16.207	65.667	5197.841	88.528
11203	11586	384	25	0	25	11.062	63.627	4334.186	75.148
11588	11971	384	26	0	26	9.549	72.074	5013.151	82.189
11973	12356	384	27	0	27	25.322	65.155	4863.125	83.304
12359	12742	384	28	0	28	11.436	62.525	5054.384	86.904
12744	13127	384	29	0	29	30.202	79.254	6074.812	106.865
13129	13512	384	30	0	30	19.342	59.032	4847.098	120.245
13515	13898	384	31	0	31	26.247	61.757	5403.639	111.384
13900	14283	384	32	0	32	14.359	50.986	4007.176	72.988
14285	14668	384	33	0	33	21.858	71.527	5695.225	131.14
14671	15054	384	34	0	34	13.257	39.833	3269.127	65.012
15056	15439	384	35	0	35	16.379	73.652	4938.511	95.484
15441	15824	384	36	0	36	18.856	42.876	3887.039	68.498
15826	16209	384	37	0	37	27.025	57.14	4745.661	102.762
16212	16595	384	38	0	38	16.504	31.679	3728.147	84.744
16597	16980	384	39	0	39	4.918	35.636	3116.996	67.033
16982	17365	384	40	0	40	11.549	61.453	4536.105	96.027
17368	17751	384	41	0	41	10.516	36.211	3394.86	68.2
17753	18136	384	42	0	42	32.212	46.181	4363.245	79.564
18138	18521	384	43	0	43	15.634	43.903	3270.672	65.449
18524	18907	384	44	0	44	13.127	37.424	3740.844	77.098
18909	19292	384	45	0	45	27.36	54.56	4364.018	77.834
19294	19677	384	46	0	46	14.272	47.145	3492.396	64.975
19680	20063	384	47	0	47	21.751	68.555	4566.771	89.443
20065	20448	384	48	0	48	24.549	84.191	6725.156	133.324
20450	20833	384	49	0	49	17.851	53.253	4156.876	84.953
20836	21219	384	50	0	50	18.422	53.716	4964.183	105.342
21221	21604	384	51	0	51	27.589	59.15	5175.007	115.685
21606	21989	384	52	0	52	16.788	64.192	5351.831	118.898
21991	22374	384	53	0	53	10.499	41.779	3672.328	84.022
22377	22760	384	54	0	54	15.374	55.12	3742.049	74.887
22762	23145	384	55	0	55	12.678	44.703	4089.924	102.019
23147	23530	384	56	0	56	20.217	71.677	5162.151	124.825
23533	23916	384	57	0	57	15.935	51.743	3391.838	59.861
23918	24301	384	58	0	58	17.559	86.724	5574.633	125.882
24303	24686	384	59	0	59	17.985	73.232	5115.377	89.369
24689	25072	384	60	0	60	13.267	39.533	4110.067	83.398
25074	25457	384	61	0	61	13.202	51.405	3275.402	57.591
25459	25842	384	62	0	62	18.903	38.581	3331.233	67.437
25844	26227	384	63	0	63	13.624	42.944	3593.707	62.392
26230	26613	384	64	0	64	20.611	73.487	5208.061	105.048
26615	26998	384	65	0	65	15.028	39.696	3688.075	78.372
27000	27383	384	66	0	66	15.688	56.778	3891.197	69.694
27386	27769	384	67	0	67	14.235	40.279	3532.145	65.387
27771	28154	384	68	0	68	10.344	58.521	3841.415	93.059
28156	28539	384	69	0	69	19.314	79.692	4758.197	112.538
28542	28925	384	70	0	70	17.925	59.133	3726.628	78.679
28927	29310	384	71	0	71	10.17	31.774	3222.067	57.799
29312	29695	384	72	0	72	20.374	38.201	3489.016	60.55
29698	30081	384	73	0	73	11.339	33.561	3348.347	62.335
30083	30466	384	74	0	74	7.057	48.755	4194.721	83.099
30468	30851	384	75	0	75	10.983	40.678	3750.383	78.838
30853	31236	384	76	0	76	9.284	49.433	3430.469	69.918
31239	31622	384	77	0	77	16.656	39.749	3529.371	66.024
31624	32007	384	78	0	78	14.619	36.196	2870.583	59.649
32009	32392	384	79	0	79	8.117	27.942	3062.153	68.617
32395	32778	384	80	0	80	6.426	47.581	2938.76	56.587
32780	33163	384	81	0	81	11.678	38.802	3050.73	61.081
33165	33548	384	82	0	82	9.97	59.147	4298.142	85.23
33551	33934	384	83	0	83	8.566	26.274	3034.749	51.101
33936	34319	384	84	0	84	13.661	39.414	3323.575	58.669
34321	34704	384	85	0	85	10.95	47.481	3103.923	58.563
34707	35090	384	86	0	86	16.145	39.306	3586.493	85.054
35092	35475	384	87	0	87	16.429	37.746	3364.91	69.833
35477	35860	384	88	0	88	10.599	40.479	3124.287	60.633
35863	36246	384	89	0	89	13.636	38.418	2636.673	55.538
36248	36631	384	90	0	90	6.821	29.886	3139.462	59.803
36633	37016	384	91	0	91	6.339	46.606	3767.85	81.74
37018	37401	384	92	0	92	21.95	47.816	4165.05	109.159
37404	37787	384	93	0	93	7.042	38.254	3810.52	75.295
37789	38172	384	94	0	94	18.374	37.006	3404.593	60.849
38174	38557	384	95	0	95	13.604	27.842	3454.925	67.38
38560	38943	384	96	0	96	16.943	54.738	4137.257	102.513
38945	39328	384	97	0	97	19.666	59.393	4892.108	113.571
39330	39713	384	98	0	98	10.397	44.751	3077.256	63.653
39716	40099	384	99	0	99	9.145	35.814	3186.361	68.465
